00795799TROSGNISTAN MISSION              IS TD01N150715      
10795799TROSGNISTAN MISSION                                                     
20795799   9007378                                                              
30795799   9007378140801                                                        
40                  12177770000000020000
40                  12096750000000020000
40                  10088790000000020000
40                  14492710000000020000
40                  18657730000000020000
40                  14736770000000020000
40                  11276790000000040000
40                  11889780000000040000
40                  14549740000000040000
40                  15138780000000045000
40                  14195710000000120000
40                  16505710000000120000
50795799   90073781408010000231000000008157500                                  
90795799          1408010000231000000008157500                                  
