00795799TROSGNISTAN MISSION              IS TD01N150814  
10795799TROSGNISTAN MISSION                                                     
20795799   9007378                                                              
30795799   9007378140801                                                        
40                  12177770000000020000
40                  14055700000000010000
40                  15675770000000040000
40                  11853700000000012500
40                  14492710000000020000
40                  14277720000000020000
40                  11493760000000020000
40                  10439750000000020000
40                  16272720000000105000
40                  13946750000000020000
40                  16465790000000040000
40                  17207700000000020000
50795799   90073781408010000231000000008157500                                  
90795799          1408010000231000000008157500                                  
