00795799TROSGNISTAN MISSION              IS TD01N150513        
10795799TROSGNISTAN MISSION                                                     
20795799   9007378                                                              
30795799   9007378140801                                                        
40                  18378710000000020000
40                  10528770000000040000
40                  12523780000000020000
40                  15279770000000020000
40                  10871700000000030000
50795799   90073781408010000231000000008157500                                  
90795799          1408010000231000000008157500                                  
